2544
101108
200768
200782
201142
201143
201144
201145
201566
201567
201569
201572
201587
201599
201935
201939
201942
201949
201950
201959
201988
202066
202331
202681
202684
202685
202687
202691
202692
202693
202695
202696
202699
202704
202709
202710
203076
203078
203081
203083
203084
203109
203110
203114
203458
203468
203471
203482
203484
203486
203497
203500
203501
203507
203552
203897
203901
203903
203914
203915
203924
203926
203932
203935
203937
203939
203944
203952
203954
203957
203967
203991
203992
203994
203995
203999
204001
204060
204456
1626143
1626145
1626153
1626156
1626157
1626158
1626162
1626164
1626166
1626167
1626168
1626171
1626172
1626179
1626181
1626192
1626196
1626204
1626220
1627732
1627734
1627736
1627739
1627741
1627742
1627746
1627747
1627749
1627750
1627751
1627752
1627759
1627763
1627777
1627780
1627783
1627814
1627824
1627826
1627827
1627832
1627884
1627936
1628365
1628366
1628368
1628369
1628370
1628371
1628374
1628378
1628379
1628380
1628381
1628384
1628386
1628389
1628392
1628396
1628398
1628401
1628404
1628408
1628415
1628418
1628420
1628427
1628436
1628449
1628464
1628467
1628470
1628960
1628963
1628964
1628969
1628970
1628971
1628973
1628975
1628976
1628978
1628981
1628983
1628988
1628989
1628991
1628995
1628997
1628998
1629001
1629003
1629004
1629006
1629008
1629011
1629012
1629013
1629014
1629018
1629020
1629021
1629022
1629023
1629026
1629027
1629028
1629029
1629048
1629052
1629056
1629057
1629060
1629098
1629111
1629130
1629162
1629216
1629234
1629312
1629599
1629610
1629611
1629614
1629618
1629622
1629626
1629627
1629628
1629629
1629630
1629631
1629632
1629634
1629636
1629637
1629638
1629639
1629640
1629643
1629645
1629646
1629650
1629651
1629652
1629655
1629656
1629659
1629660
1629661
1629667
1629669
1629673
1629674
1629675
1629680
1629684
1629723
1629726
1629731
1629750
1630162
1630163
1630164
1630165
1630166
1630167
1630168
1630169
1630170
1630171
1630172
1630173
1630174
1630175
1630178
1630180
1630182
1630183
1630188
1630191
1630192
1630193
1630194
1630198
1630200
1630201
1630202
1630205
1630208
1630214
1630215
1630217
1630222
1630224
1630227
1630228
1630230
1630231
1630241
1630243
1630245
1630249
1630256
1630264
1630283
1630288
1630296
1630311
1630314
1630322
1630346
1630526
1630527
1630528
1630529
1630530
1630531
1630532
1630533
1630534
